99515
99301
99301
99208
99202
99202
99202
99164
99049
99027
98668
98661
98502
98225
98105
98105
98105
98105
98033
98033
98033
98033
98033
98033
97702
97702
97526
97477
97470
97339
97202
97015
97015
97015
97005
96814
96790
96790
95827
95827
95694
95687
95677
95677
95677
95618
95616
95616
95616
95616
95616
95616
95616
95616
95616
95616
95403
95403
95403
95403
95219
95219
95219
95124
95065
95065
95032
95008
95008
94939
94925
94804
94539
94539
94539
94530
94530
94530
94530
94523
94523
94523
94521
94301
94116
94116
94116
94070
94070
94070
94070
94070
94070
94070
94070
93420
93420
93012
93012
93012
92780
92780
92780
92780
92780
92780
92675
92675
92620
92614
92602
92211
92121
92121
92117
92111
92111
92111
92111
92103
92025
91786
91786
91786
91775
91364
91364
91364
91107
91107
90631
90504
90504
90232
90232
90232
90069
90049
90025
90025
89511
89511
89511
89147
89146
89104
88088
87508
87505
87113
87113
87112
87111
87109
87106
87004
85705
85705
85704
85704
85641
85392
85392
85331
85254
85254
85251
85250
85250
85250
85250
85233
85233
85021
85021
85021
85021
84106
84106
84106
84106
84106
84047
84015
83843
83714
83714
83687
83467
83025
80917
80538
80538
80526
80525
80524
80523
80523
80523
80523
80222
80222
80110
80110
80110
80110
80110
80033
78758
78758
78733
78731
78731
78727
78258
78258
78258
77845
77833
77807
77807
77345
77339
77338
77084
77077
77064
77064
77055
77055
77055
77055
77055
77055
77034
77034
76110
76088
76051
76051
76017
75287
75287
75287
75287
75287
75287
75275
75229
75093
75080
75025
74078
74063
74063
73494
73494
73120
73120
70820
70803
70803
70803
70179
70119
68134
67211
66506
66210
66210
66210
66206
66083
65802
65211
65211
65211
65211
65211
65211
65203
64064
64064
64064
63841
63122
63122
63005
63005
63005
61802
61802
61801
61350
60622
60612
60563
60506
60506
60445
60174
60123
60090
60090
60076
56701
55416
55416
55344
55344
55311
55304
55304
55113
55109
55108
54914
54208
54208
54208
54208
53792
53719
53719
53719
53719
53711
53706
53706
53706
53574
52404
52404
52246
50036
50011
50011
50011
49503
49461
49331
48895
48895
48824
48824
48823
48377
48326
48302
48302
48118
48034
48034
48034
48034
48034
47907
47907
47907
47906
47906
46601
46060
46038
46038
46038
45439
45227
44601
44321
44321
44321
44321
44286
44286
43210
43210
43210
43210
43085
43085
43085
43065
43065
43017
40580
40511
40510
40223
40223
40067
40067
39759
39564
39532
38018
37996
37996
37996
37996
37934
37886
37204
37204
37167
36695
35805
35243
35080
35022
35022
35022
35022
34994
34474
34293
34232
34232
34231
34119
33928
33803
33771
33762
33634
33634
33626
33614
33558
33556
33458
33458
33442
33442
33414
33406
33406
33406
33406
33406
33328
33317
33169
33156
33071
33071
33030
33030
32825
32751
32751
32751
32751
32653
32615
32610
32610
32608
32550
32550
32223
32216
32216
32073
32073
32073
31405
31405
30677
30606
30606
30606
30602
30328
30328
30328
30328
30214
30214
29464
29464
29451
28403
28403
28273
28273
28173
27705
27607
27607
27607
27606
27518
27518
27518
27455
27409
27409
27406
27320
27312
27310
27262
27103
24061
24061
24061
24060
24060
24060
24060
23693
23452
23452
23320
23320
23284
23221
22406
22180
22180
22031
22030
22030
21403
21401
21401
21401
21401
21401
21228
20892
20878
20877
20877
20877
20854
20816
20707
20707
20707
20639
20639
20198
19720
19720
19486
19403
19380
19348
19348
19104
19104
19104
19104
19103
19102
19047
18902
18052
17403
17403
17403
15237
15237
15237
15237
15237
15237
15116
14853
14853
14853
14853
14853
14850
14623
14623
14546
14546
14043
14043
13057
13053
12401
11803
11803
11795
11795
11738
10507
10507
10502
10502
10502
10502
10065
10065
10023
10023
10019
10019
08869
08691
08055
07924
07724
07652
07652
07424
07424
07424
06902
06897
06897
06854
06854
06410
05672
05672
05495
03820
03801
03801
03100
03053
02886
02886
02882
02818
02451
02451
02379
02190
02190
02130
02130
02130
02130
02081
02081
01867
01845
01845
01801
01801
01801
01760
01719
01536
01536
01375
01373
01373
01366
00969
00926
